Webots Project File version R2023b
perspectives: 000000ff00000000fd00000003000000000000000000000000fc0100000001fb0000001a0044006f00630075006d0065006e0074006100740069006f006e0000000000000000140000000000000000000000010000017f000002b0fc0200000001fb0000001400540065007800740045006400690074006f0072010000001a000002b00000008c00ffffff0000000300000780000000fafc0100000002fb0000000e0043006f006e0073006f006c00650100000000000005660000000000000000fb0000001a0043006f006e0073006f006c00650041006c006c0041006c006c0100000000000007800000006900ffffff000005ff000002b000000001000000020000000100000008fc00000000
simulationViewPerspectives: 000000ff0000000100000002000000fc000003c60100000002010000000100
sceneTreePerspectives: 000000ff000000010000000300000022000000c0000001420100000002010000000200
minimizedPerspectives: 000000ff00000000fd00000003000000000000000000000000fc0100000001fb0000001a0044006f00630075006d0065006e0074006100740069006f006e0000000000000000140000000000000000000000010000060b000003acfc0200000002fb0000001400540065007800740045006400690074006f0072000000001a000003ac0000004200fffffffb0000001a0043006f006e0073006f006c00650041006c006c0041006c006c010000030d000000b90000000000000000000000030000078000000113fc0100000001fb0000000e0043006f006e0073006f006c0065010000000000000566000000000000000000000780000003ac00000001000000020000000100000008fc00000000
maximizedDockId: -1
centralWidgetVisible: 1
orthographicViewHeight: 1
textFiles: 0 "controllers/CW_controller/CW_controller.py" "controllers/CW_controller/robot.py"
globalOptionalRendering: CameraFrustums
consoles: Console:All:All
renderingDevicePerspectives: e-puck:camera;1;2.40385;0;0.0138122
